#Bus
Bus  1  16.5  1  0  4  1
Bus  2  18    1  0  5  1
Bus  3  13.8  1  0  3  1
Bus  4  230   1  0  2  1
Bus  5  230   1  0  2  1
Bus  6  230   1  0  2  1
Bus  7  230   1  0  2  1
Bus  8  230   1  0  2  1
Bus  9  230   1  0  2  1
#Line
Line  9  8  100  230   60  0  0           0.0119  0.1008  0.209  0  0  0  0  0  1
Line  7  8  100  230   60  0  0           0.0085  0.072   0.149  0  0  0  0  0  1
Line  9  6  100  230   60  0  0           0.039   0.17    0.358  0  0  0  0  0  1
Line  7  5  100  230   60  0  0           0.032   0.161   0.306  0  0  0  0  0  1
Line  5  4  100  230   60  0  0           0.01    0.085   0.176  0  0  0  0  0  1
Line  6  4  100  230   60  0  0           0.017   0.092   0.158  0  0  0  0  0  1
Line  2  7  100  18    60  0  0.07826087  0       0.0625  0      0  0  0  0  0  1
Line  3  9  100  13.8  60  0  0.06        0       0.0586  0      0  0  0  0  0  1
Line  1  4  100  16.5  60  0  0.07173913  0       0.0576  0      0  0  0  0  0  1
#SW
SW 1  100  16.5  1.04  0  99  -99  1.1  0.9  0.8  1  1  1
#PV
PV 2  100  18    1.63  1.025  99  -99  1.1  0.9  1  1
PV 3  100  13.8  0.85  1.025  99  -99  1.1  0.9  1  1
#PQ
PQ  6  100  230  0.9  0.3  1.2  0.8  0  1
PQ  8  100  230  1  0.35  1.2  0.8  0  1
PQ  5  100  230  1.25  0.5  1.2  0.8  0  1
#Avr
Avr2  1  2  5  -5  20  0.2  0.063  0.35  1  0.314  0.001  0.0039  1.555
Avr2  2  2  5  -5  20  0.2  0.063  0.35  1  0.314  0.001  0.0039  1.555
Avr2  3  2  5  -5  20  0.2  0.063  0.35  1  0.314  0.001  0.0039  1.555
# Syn
Syn6  1  100  16.5  60  4  0  0  0.146   0.0608  0  8.96  0       0.0969  0.0969  0      0.31  0     47.28  0  0  0  1  1      0.002  0  0  1  1
Syn6  2  100  18    60  4  0  0  0.8958  0.1198  0  6     0       0.8645  0.1969  0      0.535 0     12.8   0  0  0  1  1      0.002  0  0  1  1
Syn6  3  100  13.8  60  4  0  0  1.3125  0.1813  0  5.89  0       1.2578  0.25    0      0.6   0     6.02   0  0  0  1  1      0.002  0  0  1  1