Bus  1  69  1.06  0  4  1
Bus  2  69  1.045  -0.13577  4  1
Bus  3  69  1.01  -0.33247  4  1
Bus  4  69  0.99756  -0.26488  4  1
Bus  5  69  1.0029  -0.22667  4  1
Bus  6  13.8  1.07  -0.38565  2  1
Bus  7  13.8  1.0362  -0.34701  2  1
Bus  8  18  1.09  -0.34701  3  1
Bus  9  13.8  1.0134  -0.38858  2  1
Bus  10  13.8  1.0127  -0.39516  2  1
Bus  11  13.8  1.036  -0.39324  2  1
Bus 12  13.8  1.0461  -0.40624  2  1
Bus  13  13.8  1.0367  -0.40667  2  1
Bus  14  13.8  0.9973  -0.42256  2  1
#
Line  2  5  100  69  60  0  0  0.05695  0.17388  0.034  0  0  0  0  0  1
Line  6  12  100  13.8  60  0  0  0.12291  0.25581  0  0  0  0  0  0  1
Line  12  13  100  13.8  60  0  0  0.22092  0.19988  0  0  0  0  0  0  1
Line  6  13  100  13.8  60  0  0  0.06615  0.13027  0  0  0  0  0  0  1
Line  6  11  100  13.8  60  0  0  0.09498  0.1989  0  0  0  0  0  0  1
Line  11  10  100  13.8  60  0  0  0.08205  0.19207  0  0  0  0  0  0  1
Line  9  10  100  13.8  60  0  0  0.03181  0.0845  0  0  0  0  0  0  1
Line  9  14  100  13.8  60  0  0  0.12711  0.27038  0  0  0  0  0  0  1
Line  14  13  100  13.8  60  0  0  0.17093  0.34802  0  0  0  0  0  0  1
Line  7  9  100  13.8  60  0  0  0  0.11001  0  0  0  0  0  0  1
Line  1  2  100  69  60  0  0  0.01938  0.05917  0.0528  0  0  0  0  0  1
Line  3  2  100  69  60  0  0  0.04699  0.19797  0.0438  0  0  0  0  0  1
Line  3  4  100  69  60  0  0  0.06701  0.17103  0.0346  0  0  0  0  0  1
Line  1  5  100  69  60  0  0  0.05403  0.22304  0.0492  0  0  0  0  0  1
Line  5  4  100  69  60  0  0  0.01335  0.04211  0.0128  0  0  0  0  0  1
Line  2  4  100  69  60  0  0  0.05811  0.17632  0.0374  0  0  0  0  0  1
Line  5  6  100  69  60  0  5  0  0.25202  0  0.932  0  0  0  0  1
Line  4  9  100  69  60  0  5  0  0.55618  0  0.969  0  0  0  0  1
Line  4  7  100  69  60  0  5  0  0.20912  0  0.978  0  0  0  0  1
Line  8  7  100  18  60  0  1.304348  0  0.17615  0  0  0  0  0  0  1
#
SW 1  100  69  1.06  0  9.9  -9.9  1.2  0.8  2.324  1  1  1
#
PV   2  100  69  0.4  1.045  0.5  -0.4  1.2  0.8  1  1
PV   6  100  13.8  0  1.07  0.24  -0.06  1.2  0.8  1  1
PV   3  100  69  0  1.01  0.4  0  1.2  0.8  1  1
PV   8  100  18  0  1.09  0.24  -0.06  1.2  0.8  1  1
#
PQ 11  100  13.8  0.049  0.0252  1.2  0.8  0  1
PQ 13  100  13.8  0.189  0.0812  1.2  0.8  0  1
PQ  3  100  69  1.3188  0.266  1.2  0.8  0  1
PQ  5  100  69  0.1064  0.0224  1.2  0.8  0  1
PQ  2  100  69  0.3038  0.1778  1.2  0.8  0  1
PQ  6  100  13.8  0.1568  0.105  1.2  0.8  0  1
PQ  4  100  69  0.6692  0.056  1.2  0.8  0  1
PQ 14  100  13.8  0.2086  0.07  1.2  0.8  0  1
PQ 12  100  13.8  0.0854  0.0224  1.2  0.8  0  1
PQ 10  100  13.8  0.126  0.0812  1.2  0.8  0  1
PQ  9  100  13.8  0.413  0.2324  1.2  0.8  0  1
#
Syn6 3  60  69    60    6  0  0.0031  1.05  0.185  0.13  6.1  0.04  0.98  0.36  0.13  0.3  0.099  13.08  2  0  0  1  1  0  0  0  1  1
Syn6 2  60  69    60    6  0  0.0031  1.05  0.185  0.13  6.1  0.04  0.98  0.36  0.13  0.3  0.099  13.08  2  0  0  1  1  0  0  0  1  1
Syn6 8  25  18    60    6  0.134  0.0041  1.25  0.232  0.12  4.75  0.06  1.22  0.715  0.12  1.5  0.21  10.12  2  0  0  1  1  0  0  0  1  1
Syn6 6  25  13.8  60    6   0.134  0.0041  1.25  0.232  0.12  4.75  0.06  1.22  0.715  0.12  1.5  0.21  10.12  2  0  0  1  1  0  0  0  1  1
#
Avr2   2  2  4.38  0  40  0.02  0.001  1  1  1.98  0.001  0.0006  0.9  1
Avr2   1  2  4.38  0  40  0.02  0.001  1  1  1.98  0.001  0.0006  0.9  1
Avr2   3  2  6.81  1.395  40  0.02  0.001  1  1  0.7  0.001  0.0006  0.9  1
Avr2   4  2  6.81  1.395  40  0.02  0.001  1  1  0.7  0.001  0.0006  0.9  1
#
Dfig 1  1  600  69  60  0.01  0.1  0.01  0.08  3  3  10  3  10  0.01  75  4  3  0.01123596  1  0  0.7  -0.7  30  1
#
Wind 2  15  1.225  4  0.01  20  2  5  15  1  5  15  0  50  0.01  0.2  50