Bus 1   10.5  
Bus 2   20   
Bus 3   10.5  
Bus 4   15.7  
Bus 5   10.5  
Bus 6   10.5  
Bus 7   10.5 
Bus 8   10.5  
Bus 9   220   
Bus 10  20    
Bus 11  500  
Bus 12  500  
Bus 13  500  
Bus 14  220  
Bus 15  20    
Bus 16  220   
Bus 17  20    
Bus 18  220  
Bus 19  220  
Bus 20  220   
Bus 21  220   
Bus 22  220  
Bus 23  220  
Bus 24  220  
Bus 25  500   
Bus 26  500  
Bus 27  500   
Bus 28  500   
Bus 29  220   
Bus 30  220   
Bus 31  220   
Bus 33  220   
Bus 34  220   
Bus 50  220   
Bus 51  10   
Bus 52  10  
#
PV 2  100  20    6.000  1.05     6  -6  1.1  0.95  
PV 3  100  10.5  3.100  1.05     6  -6  1.1  0.95  
PV 4  100  15.7  1.600  1.05     6  -6  1.1  0.95 
PV 5  100  10.5  4.300  1.05     6  -6  1.1  0.95  
PV 6  100  10.5  -0.01  1.05     6  -6  1.1  0.95 
PV 7  100  10.5  2.250  1.05     6  -6  1.1  0.95  
PV 8  100  10.5  3.060  1.05     6  -6  1.1  0.95 
#
PQ 9   100  220   3.760  2.210  1.1  0.95 
PQ 16  100  220   5.000  2.300  1.1  0.95 
PQ 18  100  220   4.300  2.200  1.1  0.95 
PQ 19  100  220   0.864  0.662  1.1  0.95 
PQ 20  100  220   0.719  0.474  1.1  0.95 
PQ 21  100  220   0.700  0.500  1.1  0.95 
PQ 22  100  220   2.265  1.690  1.1  0.95 
PQ 23  100  220   2.870  1.440  1.1  0.95 
PQ 29  100  220   5.200  0.100  1.1  0.95  
#
SW 1  100  10.5  1.00  0  6  -6   1.1  0.95 
#
Shunt 25  100  500   50  0  -1.3665 
Shunt 26  100  500   50  0  -1.3665  
Shunt 27  100  500   50  0  -1.3665  
#
Line 11  25  100  500   50  0  0         0.00      0.0001    0.00    0       0  0  0  0  
Line 12  26  100  500   50  0  0         0.00      0.0001    0.00    0       0  0  0  0 
Line 12  27  100  500   50  0  0         0.00      0.0001    0.00    0       0  0  0  0  
Line 13  28  100  500   50  0  0         0.00      0.0001    0.00    0       0  0  0  0 
Line 14  19  100  220   50  0  0         0.0034    0.02      0.00    0       0  0  0  0  
Line 16  18  100  220   50  0  0         0.0033    0.0333    0.00    0       0  0  0  0  
Line 16  19  100  220   50  0  0         0.0578    0.218     0.3774  0       0  0  0  0  
Line 16  20  100  220   50  0  0         0.0165    0.0662    0.4706  0       0  0  0  0  
Line 16  21  100  220   50  0  0         0.0374    0.178     0.328   0       0  0  0  0  
Line 16  29  100  220   50  0  0         0.00      0.0001    0.00    0       0  0  0  0  
Line 18  50  100  220   50  0  0         0.00      0.001     0.00    0       0  0  0  0  
Line 19  21  100  220   50  0  0         0.0114    0.037     0.00    0       0  0  0  0  
Line 19  30  100  220   50  0  0         0.0196    0.0854    0.162   0       0  0  0  0 
Line 20  22  100  220   50  0  0         0.0214    0.0859    0.6016  0       0  0  0  0  
Line 21  22  100  220   50  0  0         0.015     0.0607    0.4396  0       0  0  0  0 
Line 22  23  100  220   50  0  0         0.0537    0.19      0.3306  0       0  0  0  0  
Line 23  24  100  220   50  0  0         0.0106    0.074     0.00    0       0  0  0  0  
Line 25  26  100  500   50  0  0         0.0033    0.0343    3.7594  0       0  0  0  0  
Line 27  28  100  500   50  0  0         0.00245   0.0255    2.79   0       0  0  0  0  
Line 29  34  100  220   50  0  0         0.00      0.0001    0.00    0       0  0  0  0  
Line 30  31  100  220   50  0  0         0.00      0.0001    0.00    0       0  0  0  0  
Line 31  33  100  220   50  0  0         0.00      0.0001    0.00    0       0  0  0  0  
Line 33  34  100  220   50  0  0         0.0154    0.158     0.776   0       0  0  0  0  
Line 9   22  100  220   50  0  0         0.0559    0.218     0.3908  0       0  0  0  0  
Line 9   23  100  220   50  0  0         0.0034    0.0131    0.00    0       0  0  0  0  
Line 9   24  100  220   50  0  0         0.0147    0.104     0.00    0       0  0  0  0  
Line 1   24  100  10.5  50  0  0.04773   0.00      0.015     0       0.9302  0  0  0  0  
Line 2   9   100  20    50  0  0.09091   0.00      0.0217    0       0.9302  0  0  0  0  
Line 3   22  100  10.5  50  0  0.04773   0.00      0.0124    0       0.9302  0  0  0  0  
Line 4   19  100  15.7  50  0  0.07136   0.00      0.064     0       0.9756  0  0  0  0  
Line 5   18  100  10.5  50  0  0.04773   0.00      0.0375    0       0.9302  0  0  0  0  
Line 7   30  100  10.5  50  0  0.04773   0.00      0.0438    0       0.9756  0  0  0  0  
Line 8   31  100  10.5  50  0  0.04773   0.00      0.0328    0       0.9756  0  0  0  0  
Line 6   17  100  10.5  50  0  0.525     0.00      0.0337    0       1.0000  0  0  0  0  
Line 13  17  100  500   50  0  25        0.00      0.01      0       0.9756  0  0  0  0  
Line 16  17  100  220   50  0  11        0.00      0.001     0       0.9737  0  0  0  0  
Line 9   10  100  220   50  0  11        0.00      -0.002    0       1.0000  0  0  0  0  
Line 11  10  100  500   50  0  25        0.00      0.018     0       0.9756  0  0  0  0  
Line 51  10  100  10    50  0  0.5       0.00      0.001     0       1.0000  0  0  0  0  
Line 12  15  100  500   50  0  25        0.00      0.018     0       0.9756  0  0  0  0  
Line 14  15  100  220   50  0  11        0.00      -0.002    0       1.0000  0  0  0  0  
Line 52  15  100  10    50  0  0.5       0.00      0.0001    0       1.0000  0  0  0  0  