Bus 1  69
Bus 2  69
Bus 3  69
Bus 4  69
Bus 5  69
Bus 6  13.8
Bus 7  13.8
Bus 8  18
Bus 9  13.8
Bus 10 13.8
Bus 11 13.8
Bus 12 13.8
Bus 13 13.8
Bus 14 13.8
#
PV 14          100          13.8             0          1.04           0.5          -0.4           1.2           0.8
PV 2           100            69           0.4         1.045           0.5          -0.4           1.2           0.8
PV 6           100          13.8             0          1.07          0.24         -0.06           1.2           0.8
PV 3           100            69             0          1.01           0.4             0           1.2           0.8
PV 8           100            18             0          1.09          0.24         -0.06           1.2           0.8
#
PQ 11          100          13.8         0.035         0.018           1.2           0.8
PQ 13          100          13.8         0.135         0.058           1.2           0.8
PQ 3           100            69         0.942          0.19           1.2           0.8
PQ 5           100            69         0.076         0.016           1.2           0.8
PQ 2           100            69         0.217         0.127           1.2           0.8
PQ 6           100          13.8         0.112         0.075           1.2           0.8
PQ 4           100            69         0.478          0.04           1.2           0.8
PQ 14          100          13.8         0.149          0.05           1.2           0.8
PQ 12          100          13.8         0.061         0.016           1.2           0.8
PQ 10          100          13.8          0.09         0.058           1.2           0.8
PQ 9           100          13.8         0.295         0.166           1.2           0.8
#
SW 1           100            69          1.06             0           9.9          -9.9           1.2           0.8
#
Line 2             5           100            69            60             0             0       0.05695       0.17388         0.034             0             0             0             0             0
Line 6            12           100          13.8            60             0             0       0.12291       0.25581             0             0             0             0             0             0
Line 12           13           100          13.8            60             0             0       0.22092       0.19988             0             0             0             0             0             0
Line 6            13           100          13.8            60             0             0       0.06615       0.13027             0             0             0             0             0             0
Line 6            11           100          13.8            60             0             0       0.09498        0.1989             0             0             0             0             0             0
Line 11           10           100          13.8            60             0             0       0.08205       0.19207             0             0             0             0             0             0
Line 9            10           100          13.8            60             0             0       0.03181        0.0845             0             0             0             0             0             0
Line 9            14           100          13.8            60             0             0       0.12711       0.27038             0             0             0             0             0             0
Line 14           13           100          13.8            60             0             0       0.17093       0.34802             0             0             0             0             0             0
Line 7             9           100          13.8            60             0             0             0       0.11001             0             0             0             0             0             0
Line 1             2           100            69            60             0             0       0.01938       0.05917        0.0528             0             0             0             0             0
Line 3             2           100            69            60             0             0       0.04699       0.19797        0.0438             0             0             0             0             0
Line 3             4           100            69            60             0             0       0.06701       0.17103        0.0346             0             0             0             0             0
Line 1             5           100            69            60             0             0       0.05403       0.22304        0.0492             0             0             0             0             0
Line 5             4           100            69            60             0             0       0.01335       0.04211        0.0128             0             0             0             0             0
Line 2             4           100            69            60             0             0       0.05811       0.17632        0.0374             0             0             0             0             0
Line 5             6           100            69            60             0             5             0       0.25202             0         0.932             0             0             0             0
Line 4             9           100            69            60             0             5             0       0.55618             0         0.969             0             0             0             0
Line 4             7           100            69            60             0             5             0       0.20912             0         0.978             0             0             0             0
Line 8             7           100            18            60             0      1.304348             0       0.17615             0             0             0             0             0             0
#
Statcom 10           100          13.8            60            50           0.1           0.2          -0.2           0.3846          -0.5769         1.0
Statcom 13           100          13.8            60            50           0.1           0.2          -0.2           0.3846          -0.5769         1.05