#
Bus 1   138.00
Bus 2   138.00
Bus 3   138.00
#
PV 3 100.00   138.00  1.00000  1.00000  1.50000 -1.50000 1.1 0.9
#
PQ 1 100.00   138.00  1.50000  0.80000 1.1 0.9
PQ 2 100.00   138.00  1.50000  0.70000 1.1 0.9
PQ 3 100.00   138.00  0.50000  0.30000 1.1 0.9
#
SW 1 100.00   138.00  1.02000  0.00000  1.50000 -1.50000 1.1 0.9
#
Shunt 2 100.00   138.00 60  0.00000  0.80000
Shunt 3 100.00   138.00 60  0.00000  0.50000
#
Line 1    3   100.00   138.00 60 0   0.0000  0.01000  0.12000  0.00000  1.00000  0.00000 0    0.000    0.000
Line 1    2   100.00   138.00 60 0   0.0000  0.01000  0.12000  0.00000  1.00000  0.00000 0    0.000    0.000
Line 2    3   100.00   138.00 60 0   0.0000  0.01000  0.12000  0.00000  1.00000  0.00000 0    0.000    0.000
#
Statcom 2           100          13.8            60            50           0.1           0.2          -0.2           0.3846          -0.5769         1.0