#
Bus 1   138.00
Bus 2   138.00
Bus 3   138.00
Bus 4   138.00
#
PV 3 100.00   138.00  0.5  1.1  1.50000 -1.50000 1.1 0.9
#
PQ 1 100.00   138.00  0.3  0.18 1.1 0.9
PQ 2 100.00   138.00  0.55  0.13 1.1 0.9
#
SW 4 100.00   138.00  1.05  0.00000  1.50000 -1.50000 1.1 0.9
#
Line 1    4   100.00   138.00 60 0   0.0000  0.12000  0.50000  0.01920  1.00000  0.00000 0    0.000    0.000
Line 1    2   100.00   138.00 60 0   0.0000  0.10000  0.40000  0.01528  1.00000  0.00000 0    0.000    0.000
Line 2    4   100.00   138.00 60 0   0.0000  0.08000  0.40000  0.01413  1.00000  0.00000 0    0.000    0.000
Line 1    3   100.00   138.00 60 0   0.0000  0.00000  0.30000  0.00000  0.90909  0.00000 0    0.000    0.000
#
Sssc 1    1    0.1    0.1    0.258510